60374220666289341027009263732
31608389855341219339154282511
63361882195479935943951278852
59190974314843137329494107604
29391713027084731334405533987
14122575699422539941643657806
4007575419117767491028236455
67622778435447087724653066026
59190974314843137329494107604
73359595476614454837884547841
63361882195479935943951278852
21132093752606271622864448040
42439846039526259030766444548
59190974314843137329494107604
21132093752606271622864448040
31608389855341219339154282511
59190974314843137329494107604
40983755128800219362519785848
67622778435447087724653066026
48919970737742521263865265275
31608389855341219339154282511
40983755128800219362519785848
67622778435447087724653066026
59190974314843137329494107604
21132093752606271622864448040
29391713027084731334405533987
51024633506409997154516662262
42439846039526259030766444548
59190974314843137329494107604
37943821873011130124100028316
67622778435447087724653066026
42439846039526259030766444548
42439846039526259030766444548
14122575699422539941643657806
73359595476614454837884547841
67622778435447087724653066026
40518899408205220064576762754
